Webots Project File version R2023a
perspectives: 000000ff00000000fd0000000300000000000001ca0000039ffc0200000001fb00000012005300630065006e0065005400720065006501000000000000039f000000000000000000000001000006390000033bfc0200000001fb0000001400540065007800740045006400690074006f007200000000160000033b0000008b00ffffff00000003000005fc0000012dfc0100000003fb0000000e0043006f006e0073006f006c006501000001d0000005b00000000000000000fb0000001a0043006f006e0073006f006c00650041006c006c0041006c006c0100000000000005fc0000008700fffffffb0000001a0043006f006e0073006f006c00650041006c006c0041006c006c0100000000000005a00000000000000000000005fc0000020500000004000000040000000100000008fc00000000
simulationViewPerspectives: 000000ff000000010000000200000114000004e60100000002010000000101
sceneTreePerspectives: 000000ff000000010000000300000026000000c0000000fa0100000002010000000201
minimizedPerspectives: 000000ff00000000fd0000000300000000000001ca0000039ffc0200000001fb00000012005300630065006e0065005400720065006501000000000000039f000000000000000000000001000006390000033bfc0200000001fb0000001400540065007800740045006400690074006f007201000000160000033b0000008900ffffff00000003000007380000008ffc0100000003fb0000000e0043006f006e0073006f006c006501000001d0000005b00000000000000000fc00000000000007380000006900fffffffa000000000100000001fb0000001a0043006f006e0073006f006c00650041006c006c0041006c006c0100000000ffffffff0000006900fffffffb0000001a0043006f006e0073006f006c00650041006c006c0041006c006c0100000000000014000000000000000000000000fd0000033b00000004000000040000000100000008fc00000000
maximizedDockId: 0
centralWidgetVisible: 1
orthographicViewHeight: 1
textFiles: 0 "controllers/right_circle/right_circle.py"
globalOptionalRendering: LidarRaysPaths::LidarPointClouds::CoordinateSystem
consoles: Console:All:All
renderingDevicePerspectives: vehicle:camera;1;1.39844;0.00069541;0
renderingDevicePerspectives: vehicle:rear_camera;1;1;0;0
